Hit. Dam. Weight Max Door M.Door BB/LL
{
str
-5 -4 1 3 1 0 0
-3 -2 1 5 1 0 0
-3 -1 5 10 2 0 0
-2 -1 10 25 3 0 0
-2 -1 10 25 3 0 0
-1 0 20 55 4 0 0
-1 0 20 55 4 0 0
0 0 35 90 5 0 1
0 0 35 90 5 0 1
0 0 40 115 6 0 2
0 0 40 115 6 0 2
0 0 45 140 7 0 4
0 0 45 140 7 0 4
0 0 55 170 8 0 7
0 0 55 170 8 0 7
0 1 70 195 9 0 10
1 1 85 220 10 0 13
1 2 110 255 11 0 16
1 3 135 280 12 0 20
2 3 160 305 13 0 25
2 4 185 330 15 3 35
3 6 335 480 16 6 40
4 10 785 970 18 14 80
5 11 935 1130 18 16 90
6 12 1235 1440 19 17 95
7 14 1535 1750 19 18 99
}

React Missile AC
{
dex
-6 -6 -5
-4 -4 -5
-3 -3 -4
-2 -2 -3
-1 -1 -2
0 0 -1
0 0 0
0 0 0
0 0 0
0 0 0
0 0 0
0 0 0
0 0 0
0 0 0
0 0 1
1 1 2
2 2 3
2 2 4
3 3 4
3 3 4
4 4 5
4 4 5
4 4 5
5 5 6
5 5 6
}

HP S.S. R.S. P.S. REG
{
con
-3 25 30 -2 Nil
-2 30 35 -1 Nil
-2 35 40 0 Nil
-1 40 45 0 Nil
-1 45 50 0 Nil
-1 50 55 0 Nil
0 55 60 0 Nil
0 60 65 0 Nil
0 65 70 0 Nil
0 70 75 0 Nil
0 75 80 0 Nil
0 80 85 0 Nil
0 85 90 0 Nil
0 88 92 0 Nil
+1 90 94 0 Nil
+2 95 96 0 Nil
+2(+3)* 97 98 0 Nil
+2(+4)* 99 100 0 Nil
+2(+5)* 99 100 +1 Nil
+2(+5)** 99 100 +1 1/6 
+2(+6)*** 99 100 +2 1/5 
+2(+6)*** 99 100 +21 /4 
+2(+6)**** 99 100 +3 1/3 
+2(+7)**** 99 100 +3 1/2 
+2(+7)**** 100 100 +4 1/1 
}

{
ent
1 0* -- -- -- --
2 1 -- -- -- --
3 1 -- -- -- --
4 1 -- -- -- --
5 1 -- -- -- --
6 1 -- -- -- --
7 1 -- -- -- --
8 1 -- -- -- --
9 2 4 35 6 --
10 2 5 40 7 --
11 2 5 45 7 --
12 3 6 50 7 --
13 3 6 55 9 --
14 4 7 60 9 --
15 4 7 65 11 --
16 5 8 70 11 --
17 6 8 75 14 --
18 7 9 85 18--
19 8 9 95 All 1st-level
20 9 9 96 All 2nd-level
21 10 9 97 All 3rd-level
22 11 9 98 All 4th-level
23 12 9 99 All 5th-level
24 15 9 100 All 6th-level
25 20 9 100 All 7th-level
}
